95 59 153
95 57 153
95 56 153
95 41 102
33 78 153
94 88 102
94 87 153
94 83 153
94 82 153
94 81 153
94 75 153
94 65 153
94 60 153
94 58 153
94 56 153
94 54 153
94 53 153
94 46 153
94 40 153
94 39 102
94 37 102
93 90 102
93 81 153
93 80 153
93 79 153
93 74 153
93 68 153
93 65 153
93 64 153
93 62 153
93 60 153
93 59 153
93 57 153
93 56 153
93 55 153
93 54 153
93 46 153
93 37 153
93 36 102
92 84 153
92 83 153
92 81 153
92 78 153
92 75 153
92 73 153
92 65 153
92 64 153
92 63 153
92 62 153
92 60 153
92 59 153
92 58 153
92 57 153
92 54 153
92 46 153
92 42 153
92 36 153
92 35 153
92 34 102
91 92 102
91 89 153
91 80 153
91 79 153
91 78 153
91 75 153
91 74 153
91 72 153
91 68 153
91 64 153
91 63 153
91 61 153
91 60 153
91 58 153
91 56 153
91 55 153
91 50 153
91 45 153
91 43 153
91 35 153
33 72 153
90 93 153
90 90 153
90 83 153
90 78 153
90 76 153
90 74 153
90 73 153
90 65 153
90 61 153
90 59 153
90 57 153
90 56 153
90 55 153
90 50 153
90 46 153
90 45 153
90 44 153
90 43 153
90 33 153
90 32 102
33 69 153
33 68 153
89 87 153
89 79 153
89 77 153
89 75 153
89 74 153
89 68 153
89 66 153
89 65 153
89 62 153
89 60 153
89 58 153
89 56 153
89 50 153
89 43 153
89 31 153
33 67 153
88 96 102
88 92 153
88 89 153
88 86 153
88 83 153
88 77 153
88 76 153
88 75 153
88 73 153
88 67 153
88 61 153
88 57 153
88 56 153
88 55 153
88 49 153
88 48 153
88 47 153
88 46 153
88 45 153
88 44 153
88 43 153
88 37 153
88 30 153
88 29 102
88 28 102
87 97 153
87 92 153
87 90 153
87 88 153
87 77 153
87 75 153
87 74 153
87 63 153
87 61 153
87 54 153
87 51 153
87 50 153
87 47 153
87 44 153
87 35 153
87 29 153
33 63 153
87 27 102
33 62 153
33 61 153
86 98 153
86 94 153
86 92 153
86 89 153
86 86 153
86 83 153
86 78 153
86 76 153
86 74 153
86 71 153
86 67 153
86 57 153
86 56 153
86 55 153
86 54 153
86 51 153
86 49 153
86 48 153
86 46 153
86 45 153
86 43 153
86 39 153
86 38 153
86 37 153
86 34 153
86 33 153
86 28 102
86 27 102
33 59 153
85 99 153
85 96 153
85 95 153
85 93 153
85 92 153
85 91 153
85 90 153
85 89 153
85 88 153
85 87 153
85 82 153
85 81 153
85 79 153
85 77 153
85 76 153
85 75 153
85 74 153
85 56 153
85 54 153
85 53 153
85 52 153
85 51 153
85 50 153
85 49 153
85 47 153
85 46 153
85 45 153
85 44 153
85 43 153
85 37 153
85 32 153
85 31 153
85 27 153
33 57 153
33 56 153
84 96 153
84 95 153
84 94 153
84 92 153
84 91 153
84 89 153
84 88 153
84 87 153
84 86 153
84 81 153
84 80 153
84 78 153
84 77 153
84 75 153
84 58 153
84 57 153
84 55 153
84 51 153
84 48 153
84 47 153
84 42 153
84 41 153
84 40 153
84 39 153
84 38 153
84 26 102
83 97 153
83 95 153
83 93 153
83 92 153
83 91 153
83 90 153
83 88 153
83 86 153
83 85 153
83 80 153
83 79 153
83 77 153
83 76 153
83 74 153
83 73 153
83 71 153
83 56 153
83 55 153
83 54 153
83 53 153
83 52 153
83 51 153
83 50 153
83 49 153
83 48 153
83 46 153
83 45 153
83 44 153
83 43 153
83 38 153
83 32 153
83 31 153
83 30 153
82 101 102
82 96 153
82 95 153
82 92 153
82 90 153
82 89 153
82 88 153
82 87 153
82 86 153
82 84 153
82 81 153
82 79 153
82 78 153
82 77 153
82 76 153
82 75 153
82 73 153
82 72 153
82 58 153
82 57 153
82 56 153
82 54 153
82 52 153
82 47 153
82 46 153
82 44 153
82 42 153
82 41 153
82 40 153
82 39 153
82 34 153
82 33 153
82 25 102
33 49 153
81 99 153
81 98 153
81 97 153
81 96 153
81 95 153
81 91 153
81 90 153
81 88 153
81 86 153
81 85 153
81 84 153
81 83 153
81 82 153
81 81 153
81 80 153
81 78 153
81 75 153
81 74 153
81 73 153
81 72 153
81 56 153
81 54 153
81 53 153
81 51 153
81 50 153
81 49 153
81 48 153
81 47 153
81 45 153
81 43 153
81 40 153
81 35 153
81 33 153
81 24 102
33 44 153
80 102 153
80 99 153
80 97 153
80 90 153
80 89 153
80 88 153
80 87 153
80 85 153
80 83 153
80 81 153
80 79 153
80 77 153
80 76 153
80 71 153
80 70 153
80 62 153
80 61 153
80 60 153
80 59 153
80 58 153
80 57 153
80 55 153
80 54 153
80 52 153
80 51 153
80 48 153
80 45 153
80 44 153
80 42 153
80 41 153
80 39 153
80 37 153
80 36 153
80 35 153
80 23 102
80 22 102
33 43 102
79 103 102
79 98 153
79 96 153
79 91 153
79 89 153
79 87 153
79 86 153
79 85 153
79 84 153
79 82 153
79 81 153
79 80 153
79 79 153
79 78 153
79 77 153
79 75 153
79 74 153
79 73 153
79 72 153
79 70 153
79 69 153
79 68 153
79 65 153
79 64 153
79 63 153
79 58 153
79 56 153
79 54 153
79 51 153
79 50 153
79 49 153
79 47 153
79 46 153
79 45 153
79 43 153
79 41 153
79 40 153
79 39 153
79 38 153
79 35 153
79 23 153
79 22 153
79 21 153
30 62 153
78 99 153
78 94 153
78 90 153
78 88 153
78 86 153
78 83 153
78 82 153
78 73 153
78 71 153
78 67 153
78 66 153
78 63 153
78 62 153
78 61 153
78 60 153
78 59 153
78 58 153
78 57 153
78 55 153
78 53 153
78 52 153
78 50 153
78 48 153
78 44 153
78 43 153
78 42 153
78 39 153
78 37 153
78 36 153
78 35 153
78 21 153
78 20 102
30 77 153
77 104 153
77 102 153
77 96 153
77 94 153
77 93 153
77 92 153
77 91 153
77 90 153
77 89 153
77 88 153
77 87 153
77 86 153
77 85 153
77 84 153
77 83 153
77 81 153
77 80 153
77 71 153
77 70 153
77 69 153
77 68 153
77 67 153
77 65 153
77 64 153
77 62 153
77 60 153
77 56 153
77 54 153
77 53 153
77 51 153
77 49 153
77 47 153
77 46 153
77 45 153
77 41 153
77 40 153
77 38 153
77 34 153
77 33 153
77 21 153
77 20 153
30 76 102
76 102 153
76 101 153
76 97 153
76 95 153
76 94 153
76 92 153
76 90 153
76 89 153
76 87 153
76 85 153
76 83 153
76 82 153
76 81 153
76 79 153
76 69 153
76 66 153
76 65 153
76 63 153
76 61 153
76 59 153
76 58 153
76 57 153
76 55 153
76 52 153
76 50 153
76 48 153
76 45 153
76 44 153
76 43 153
76 42 153
76 40 153
76 39 153
76 37 153
76 36 153
76 35 153
76 20 153
32 80 153
75 105 153
75 101 153
75 100 153
75 98 153
75 96 153
75 95 153
75 93 153
75 91 153
75 90 153
75 89 153
75 88 153
75 86 153
75 85 153
75 84 153
75 80 153
75 79 153
75 78 153
75 68 153
75 67 153
75 66 153
75 64 153
75 62 153
75 60 153
75 57 153
75 56 153
75 54 153
75 53 153
75 51 153
75 49 153
75 47 153
75 46 153
75 41 153
75 40 153
75 38 153
75 37 153
75 34 153
75 33 153
75 32 153
75 20 102
75 19 102
74 103 153
74 101 153
74 100 153
74 98 153
74 97 153
74 96 153
74 94 153
74 93 153
74 92 153
74 91 153
74 87 153
74 85 153
74 80 153
74 78 153
74 77 153
74 65 153
74 63 153
74 61 153
74 59 153
74 58 153
74 49 153
74 48 153
74 45 153
74 44 153
74 43 153
74 42 153
74 40 153
74 38 153
74 36 153
74 35 153
74 32 153
74 30 153
74 20 153
73 106 102
73 104 153
73 102 153
73 100 153
73 99 153
73 98 153
73 96 153
73 95 153
73 94 153
73 93 153
73 91 153
73 86 153
73 79 153
73 77 153
73 76 153
73 64 153
73 63 153
73 61 153
73 47 153
73 46 153
73 45 153
73 43 153
73 41 153
73 39 153
73 37 153
73 36 153
73 34 153
73 33 153
73 31 153
73 30 153
32 74 153
72 106 153
72 102 153
72 101 153
72 100 153
72 98 153
72 97 153
72 96 153
72 95 153
72 93 153
72 92 153
72 91 153
72 90 153
72 79 153
72 78 153
72 75 153
72 74 153
72 44 153
72 41 153
72 38 153
72 34 153
72 32 153
72 29 153
72 28 153
72 27 153
72 26 153
72 24 153
72 19 102
71 107 102
71 106 153
71 104 153
71 103 153
71 99 153
71 98 153
71 96 153
71 94 153
71 92 153
71 79 153
71 77 153
71 76 153
71 75 153
71 46 153
71 45 153
71 43 153
71 42 153
71 33 153
71 31 153
71 30 153
71 27 153
71 19 102
71 18 102
70 107 153
70 106 153
70 103 153
70 100 153
70 99 153
70 97 153
70 96 153
70 95 153
70 94 153
70 93 153
70 91 153
70 90 153
70 79 153
70 78 153
70 76 153
70 74 153
70 73 153
70 72 153
70 47 153
70 44 153
70 42 153
70 32 153
70 29 153
70 28 153
70 19 102
70 18 102
69 107 153
69 106 102
69 100 153
69 99 153
69 98 153
69 96 153
69 93 153
69 89 153
69 79 153
69 77 153
69 75 153
69 72 153
69 45 153
69 43 153
69 41 153
69 33 153
69 19 102
68 107 153
68 106 102
68 101 153
68 100 153
68 99 153
68 97 153
68 95 153
68 93 153
68 90 153
68 82 153
68 80 153
68 75 153
68 74 153
68 73 153
68 71 153
68 47 153
68 45 153
67 107 153
67 106 102
67 97 153
67 96 153
67 93 153
67 92 153
67 72 153
67 70 153
67 48 153
67 46 153
67 45 153
66 106 102
66 105 153
66 104 153
66 73 153
66 71 153
66 49 153
66 47 153
65 106 102
65 105 153
65 73 153
65 72 153
65 70 153
65 48 153
65 46 153
65 18 102
64 108 102
64 106 102
64 105 153
32 65 153
64 71 153
64 60 153
64 49 153
64 47 153
63 108 102
63 107 153
63 106 102
63 104 153
63 102 153
63 98 153
63 97 153
95 58 153
63 73 153
63 72 153
63 71 153
63 70 153
63 62 153
63 48 153
63 47 153
63 46 153
32 63 153
62 108 153
62 107 102
62 106 153
62 105 153
62 103 153
62 93 153
62 73 153
62 45 153
32 62 153
61 108 102
61 107 153
61 106 153
61 104 153
61 103 153
61 102 153
61 100 153
61 98 153
61 97 153
61 95 153
61 94 153
61 74 153
61 72 153
61 71 153
61 47 153
61 46 153
32 61 153
32 60 153
60 107 102
60 104 153
60 101 153
60 100 153
60 98 153
60 94 153
60 92 153
60 91 153
60 84 153
60 75 153
60 73 153
60 71 153
60 70 153
60 45 153
60 43 153
60 42 153
60 41 153
60 39 153
60 29 153
60 28 153
60 27 153
60 24 153
32 58 153
59 106 153
59 103 153
59 102 153
59 100 153
59 99 153
59 98 153
59 97 153
59 96 153
59 95 153
59 94 153
59 92 153
59 83 153
59 82 153
59 81 153
59 78 153
59 75 153
59 74 153
59 73 153
59 72 153
59 46 153
59 44 153
59 40 153
59 38 153
59 30 153
59 26 153
58 107 102
58 105 153
58 104 153
58 103 153
58 102 153
58 101 153
58 100 153
58 99 153
58 97 153
58 95 153
58 94 153
58 93 153
58 92 153
58 88 153
58 80 153
58 78 153
58 76 153
58 74 153
58 45 153
58 43 153
58 42 153
58 41 153
58 39 153
58 32 153
58 29 153
58 28 153
58 27 153
58 26 153
58 19 102
58 18 102
57 106 153
57 101 153
57 99 153
57 98 153
57 97 153
57 96 153
57 95 153
57 93 153
57 91 153
57 90 153
57 88 153
57 82 153
57 81 153
57 80 153
57 79 153
57 78 153
57 77 153
57 75 153
57 73 153
57 63 153
57 44 153
57 40 153
57 38 153
57 37 153
57 34 153
57 31 153
57 30 153
57 27 153
57 19 102
57 18 102
56 107 102
56 106 153
56 104 153
56 102 153
56 101 153
56 100 153
56 99 153
56 97 153
56 95 153
56 94 153
56 93 153
56 92 153
56 90 153
56 89 153
56 88 153
56 87 153
56 86 153
56 80 153
56 76 153
56 75 153
56 43 153
56 42 153
56 41 153
56 39 153
56 36 153
56 35 153
56 33 153
56 32 153
56 30 153
56 29 153
56 28 153
56 26 153
56 19 153
55 107 153
55 106 153
55 103 153
55 97 153
55 96 153
55 95 153
55 93 153
55 92 153
55 91 153
55 90 153
55 88 153
55 86 153
55 82 153
55 81 153
55 79 153
55 78 153
55 77 153
55 76 153
55 64 153
55 62 153
55 60 153
55 46 153
55 44 153
55 43 153
55 41 153
55 40 153
55 39 153
55 38 153
55 37 153
55 34 153
55 33 153
55 31 153
55 28 153
55 26 153
55 20 153
55 19 102
54 107 153
54 106 153
54 105 153
54 103 153
54 96 153
54 95 153
54 94 153
54 93 153
54 92 153
54 90 153
54 89 153
54 88 153
54 87 153
54 86 153
54 85 153
54 84 153
54 81 153
54 80 153
54 79 153
54 65 153
54 63 153
54 62 153
54 61 153
54 59 153
54 57 153
54 55 153
54 53 153
54 52 153
54 50 153
54 49 153
54 48 153
54 46 153
54 45 153
54 42 153
54 36 153
54 35 153
54 32 153
54 30 153
54 29 153
54 28 153
54 27 153
54 25 153
54 20 153
53 107 102
53 106 102
53 105 153
53 99 153
53 98 153
53 97 153
53 96 153
53 95 153
53 94 153
53 92 153
53 91 153
53 90 153
53 88 153
53 86 153
53 84 153
53 83 153
53 82 153
53 81 153
53 67 153
53 66 153
53 64 153
53 62 153
53 60 153
53 58 153
53 56 153
53 54 153
53 52 153
53 50 153
53 47 153
53 46 153
53 44 153
53 43 153
53 41 153
53 40 153
53 39 153
53 38 153
53 37 153
53 36 153
53 34 153
53 33 153
53 31 153
53 30 153
53 25 153
53 20 102
53 19 102
52 106 102
52 104 153
52 100 153
52 98 153
52 96 153
52 94 153
52 93 153
52 91 153
52 90 153
52 89 153
52 88 153
52 87 153
52 86 153
52 85 153
52 84 153
52 83 153
52 81 153
52 70 153
52 68 153
52 65 153
52 63 153
52 62 153
52 61 153
52 60 153
52 59 153
52 58 153
52 57 153
52 55 153
52 53 153
52 51 153
52 49 153
52 48 153
52 45 153
52 42 153
52 40 153
52 38 153
52 35 153
52 33 153
52 31 153
51 106 102
51 104 102
51 100 153
51 99 153
51 98 153
51 97 153
51 96 153
51 95 153
51 94 153
51 93 153
51 92 153
51 90 153
51 88 153
51 86 153
51 84 153
51 82 153
51 71 153
51 69 153
51 67 153
51 66 153
51 64 153
51 57 153
51 55 153
51 54 153
51 52 153
51 50 153
51 49 153
51 47 153
51 46 153
51 45 153
51 44 153
51 43 153
51 41 153
51 39 153
51 37 153
51 36 153
51 32 153
51 21 153
50 103 153
50 101 153
50 99 153
50 97 153
50 95 153
50 93 153
50 92 153
50 91 153
50 90 153
50 89 153
50 88 153
50 87 153
50 86 153
50 85 153
50 84 153
50 83 153
50 82 153
50 73 153
50 72 153
50 70 153
50 69 153
50 68 153
50 66 153
50 65 153
50 64 153
50 63 153
50 62 153
50 61 153
50 60 153
50 59 153
50 58 153
50 57 153
50 56 153
50 55 153
50 53 153
50 52 153
50 51 153
50 48 153
50 46 153
50 43 153
50 42 153
50 40 153
50 39 153
50 38 153
50 37 153
50 35 153
50 22 153
32 47 153
49 103 153
49 100 153
49 98 153
49 97 153
49 96 153
49 95 153
49 94 153
49 93 153
49 91 153
49 90 153
49 88 153
49 87 153
49 86 153
49 84 153
49 83 153
49 81 153
49 80 153
49 79 153
49 78 153
49 76 153
49 75 153
49 74 153
49 72 153
49 71 153
49 70 153
49 67 153
49 66 153
49 63 153
49 60 153
49 58 153
49 55 153
49 54 153
49 52 153
49 50 153
49 49 153
49 47 153
49 45 153
49 44 153
49 42 153
49 41 153
49 38 153
49 36 153
49 22 102
49 21 102
32 46 153
48 102 153
48 101 153
48 100 153
48 98 153
48 97 153
48 96 153
48 95 153
48 93 153
48 92 153
48 91 153
48 90 153
48 89 153
48 88 153
48 86 153
48 85 153
48 84 153
48 82 153
48 80 153
48 78 153
48 77 153
48 76 153
48 74 153
48 73 153
48 72 153
48 65 153
48 63 153
48 62 153
48 61 153
48 59 153
48 57 153
48 56 153
48 54 153
48 53 153
48 52 153
48 51 153
48 49 153
48 47 153
48 46 153
48 44 153
48 43 153
48 40 153
48 39 153
48 37 153
48 35 153
48 23 153
48 22 153
30 75 102
30 74 102
47 102 153
47 99 153
47 98 153
47 97 153
47 95 153
47 92 153
47 91 153
47 90 153
47 89 153
47 88 153
47 87 153
47 86 153
47 84 153
47 83 153
47 82 153
47 81 153
47 80 153
47 79 153
47 77 153
47 75 153
47 74 153
47 73 153
47 60 153
47 58 153
47 55 153
47 50 153
47 48 153
47 46 153
47 45 153
47 42 153
47 41 153
47 40 153
47 38 153
47 37 153
47 36 153
47 35 153
47 34 153
47 22 102
30 73 102
30 60 153
46 101 153
46 99 153
46 92 153
46 90 153
46 88 153
46 86 153
46 85 153
46 83 153
46 81 153
46 79 153
46 78 153
46 77 153
46 76 153
46 75 153
46 73 153
46 59 153
46 58 153
46 57 153
46 56 153
46 55 153
46 54 153
46 53 153
46 52 153
46 51 153
46 50 153
46 48 153
46 46 153
46 44 153
46 43 153
46 36 153
46 34 153
46 24 153
30 59 153
31 81 102
45 98 153
45 94 153
45 93 153
45 92 153
45 91 153
45 90 153
45 89 153
45 88 153
45 87 153
45 86 153
45 85 153
45 84 153
45 83 153
45 82 153
45 81 153
45 80 153
45 79 153
45 77 153
45 75 153
45 74 153
45 71 153
45 57 153
45 54 153
45 52 153
45 50 153
45 48 153
45 46 153
45 45 153
45 43 153
45 42 153
45 36 153
45 35 153
45 34 153
45 25 153
45 24 153
45 23 153
44 100 102
44 99 153
44 94 153
44 92 153
44 89 153
44 87 153
44 85 153
44 81 153
44 79 153
44 78 153
44 77 153
44 76 153
44 75 153
44 72 153
44 59 153
44 58 153
44 56 153
44 55 153
44 54 153
44 52 153
44 51 153
44 49 153
44 47 153
44 46 153
44 44 153
44 43 153
44 36 153
44 33 153
44 26 153
43 99 153
43 97 153
43 96 153
43 95 153
43 93 153
43 87 153
43 86 153
43 85 153
43 84 153
43 81 153
43 80 153
43 79 153
43 77 153
43 76 153
43 75 153
43 71 153
43 70 153
43 69 153
43 66 153
43 64 153
43 60 153
43 59 153
43 57 153
43 55 153
43 53 153
43 50 153
43 49 153
43 48 153
43 45 153
43 43 153
43 42 153
43 37 153
43 35 153
43 34 153
43 32 153
43 27 153
42 100 102
42 98 153
42 95 153
42 93 153
42 90 153
42 88 153
42 86 153
42 79 153
42 78 153
42 77 153
42 76 153
42 75 153
42 65 153
42 59 153
42 58 153
42 57 153
42 56 153
42 54 153
42 53 153
42 52 153
42 51 153
42 50 153
42 47 153
42 46 153
42 45 153
42 44 153
42 42 153
42 33 153
42 28 153
42 27 102
41 97 153
41 88 153
41 87 153
41 86 153
41 84 153
41 81 153
41 80 153
41 79 153
41 78 153
41 76 153
41 70 153
41 69 153
41 68 153
41 64 153
41 60 153
41 59 153
41 57 153
41 56 153
41 55 153
41 51 153
41 49 153
41 48 153
41 47 153
41 44 153
41 43 153
41 42 153
41 34 153
41 29 153
41 28 102
41 27 102
40 96 102
40 91 153
40 89 153
40 88 153
40 87 153
40 85 153
40 82 153
40 81 153
40 79 153
40 78 153
40 77 153
40 76 153
40 75 153
40 68 153
40 66 153
40 63 153
40 62 153
40 59 153
40 58 153
40 56 153
40 52 153
40 50 153
40 49 153
40 47 153
40 45 153
40 44 153
40 42 153
40 31 153
40 30 102
39 95 102
39 94 153
39 90 153
39 88 153
39 82 153
39 81 153
39 80 153
39 77 153
39 76 153
39 74 153
39 68 153
39 67 153
39 66 153
39 65 153
39 64 153
39 62 153
39 59 153
39 57 153
39 55 153
39 51 153
39 49 153
39 44 153
39 43 153
39 42 153
39 32 102
38 93 102
38 89 153
38 86 153
38 82 153
38 78 153
38 77 153
38 75 153
38 68 153
38 66 153
38 64 153
38 63 153
38 62 153
38 60 153
38 59 153
38 51 153
38 50 153
38 49 153
38 48 153
38 44 153
38 42 153
38 35 153
38 34 102
37 92 102
37 91 153
37 89 153
37 87 153
37 84 153
37 83 153
37 82 153
37 81 153
37 77 153
37 74 153
37 68 153
37 67 153
37 65 153
37 63 153
37 61 153
37 59 153
37 58 153
37 51 153
37 43 153
37 41 153
37 36 102
31 56 153
31 55 102
31 54 102
36 90 153
36 88 153
36 83 153
36 80 153
36 78 153
36 76 153
36 69 153
36 67 153
36 63 153
36 62 153
36 60 153
36 59 153
36 49 153
36 48 153
36 44 153
36 38 153
36 36 102
31 52 102
31 51 102
35 89 102
35 88 153
35 85 153
35 82 153
35 78 153
35 74 153
35 68 153
35 67 153
35 63 153
35 62 153
35 60 153
35 58 153
35 57 153
35 40 153
35 39 102
31 50 102
35 37 102
31 49 153
30 69 102
30 49 102
30 67 102
34 86 102
34 80 153
34 79 153
34 77 153
34 75 153
34 64 153
34 62 153
34 60 153
34 59 153
34 58 153
99 74 102
99 72 102
99 71 153
99 70 102
99 69 153
99 68 153
99 67 153
99 66 102
99 65 153
99 64 153
99 63 153
99 62 153
99 61 153
99 60 153
99 59 153
99 58 153
99 57 102
34 48 153
98 78 153
98 77 153
98 55 153
98 54 153
98 53 153
98 52 102
98 51 102
98 50 153
98 49 102
34 41 153
30 66 102
30 65 153
30 64 153
97 80 153
97 74 153
97 72 153
97 66 153
97 62 153
97 60 153
97 46 153
97 45 153
97 44 102
30 63 153
33 84 153
96 83 153
96 76 153
96 74 153
96 72 153
96 66 153
96 60 153
96 43 102
33 82 153
33 79 153
95 85 153
95 80 153
95 77 153
95 75 153
95 74 153
95 73 153
95 67 153
