29 58 51
101 70 51
101 68 51
101 65 51
101 63 51
101 62 51
101 61 51
101 57 51
100 57 51
100 56 51
100 55 51
100 54 51
100 53 51
99 81 51
99 76 51
99 75 51
99 73 51
99 56 51
99 55 51
99 50 51
99 48 51
99 47 51
99 46 51
98 79 51
98 48 51
98 47 51
98 46 51
98 45 51
97 82 51
97 81 51
97 43 51
96 86 51
96 84 51
96 42 51
95 88 51
95 87 51
95 86 51
95 40 51
95 39 51
95 38 51
94 89 51
92 92 51
92 91 51
91 34 51
91 33 51
90 94 51
90 31 51
89 95 51
89 30 51
88 98 51
87 99 51
87 98 51
87 28 51
86 102 51
86 100 51
85 101 51
85 100 51
85 26 51
84 101 51
84 100 51
83 102 51
83 101 51
83 25 51
83 24 51
82 103 51
82 102 51
82 24 51
82 23 51
81 102 51
81 23 51
80 105 51
80 104 51
79 105 51
78 104 51
77 106 51
77 105 51
76 107 51
76 106 51
76 105 51
76 19 51
75 106 51
74 107 51
74 106 51
74 19 51
73 107 51
73 19 51
72 107 51
69 18 51
68 108 51
68 18 51
67 18 51
66 108 51
66 18 51
65 108 51
101 71 51
64 18 51
63 18 51
62 18 51
61 18 51
60 108 51
60 18 51
59 108 51
59 107 51
59 18 51
57 108 51
57 107 51
55 108 51
54 19 51
52 105 51
52 20 51
50 104 51
50 21 51
50 20 51
48 103 51
47 104 51
47 103 51
46 104 51
46 102 51
46 22 51
45 103 51
45 102 51
45 101 51
44 102 51
44 23 51
43 101 51
43 26 51
42 99 51
41 98 51
40 97 51
40 29 51
40 28 51
39 96 51
39 31 51
39 30 51
39 29 51
38 95 51
38 94 51
38 33 51
38 32 51
38 31 51
37 94 51
37 93 51
37 35 51
37 34 51
36 93 51
36 92 51
36 91 51
36 37 51
35 92 51
35 91 51
35 38 51
34 90 51
34 89 51
34 88 51
34 87 51
34 37 51
33 87 51
33 86 51
33 85 51
33 42 51
33 38 51
32 84 51
32 83 51
32 45 51
32 44 51
32 43 51
32 40 51
31 82 51
31 53 51
31 48 51
31 47 51
31 45 51
31 43 51
30 82 51
30 81 51
30 80 51
30 79 51
30 78 51
30 72 51
30 71 51
30 70 51
30 68 51
30 58 51
30 57 51
30 50 51
30 48 51
29 79 51
29 77 51
29 73 51
