72 22 204
72 21 204
72 20 204
47 57 204
47 56 204
98 74 204
71 105 204
47 54 204
47 53 204
71 102 204
71 101 204
71 100 204
47 52 204
47 51 204
71 97 204
98 73 204
71 95 204
47 49 204
71 93 204
38 61 204
71 91 204
71 90 204
71 89 204
71 88 204
71 87 204
71 86 204
71 85 204
71 84 204
71 83 204
71 82 204
71 81 204
71 80 204
47 47 204
71 78 204
98 72 204
98 71 204
47 44 204
71 74 204
71 73 204
71 72 204
71 71 204
71 70 255
71 69 255
71 68 204
71 67 255
71 66 255
71 65 204
71 64 204
71 63 204
71 62 204
71 61 204
71 60 204
71 59 204
71 58 255
71 57 204
71 56 204
71 55 204
71 54 204
71 53 204
71 52 204
71 51 204
71 50 255
71 49 204
71 48 255
71 47 204
47 43 204
38 58 204
71 44 204
38 57 204
38 56 204
71 41 204
71 40 204
71 39 204
71 38 204
71 37 204
71 36 204
71 35 204
71 34 204
47 39 204
71 32 204
38 55 204
38 54 204
71 29 204
71 28 204
38 53 204
71 26 204
71 25 204
71 24 204
71 23 204
71 22 204
71 21 204
71 20 204
38 52 204
98 70 204
47 33 204
47 32 204
70 105 204
70 104 204
47 31 204
70 102 204
70 101 204
47 30 204
47 29 204
70 98 204
47 28 204
47 27 204
47 26 204
47 25 204
47 24 204
70 92 204
47 23 204
98 69 204
70 89 204
70 88 204
70 87 255
70 86 204
70 85 204
70 84 255
70 83 204
70 82 204
70 81 204
70 80 204
98 68 204
98 67 204
70 77 204
38 47 204
70 75 204
46 100 204
38 46 204
46 98 204
70 71 204
70 70 255
70 69 204
70 68 255
70 67 204
70 66 204
70 65 204
70 64 204
70 63 204
70 62 255
70 61 204
70 60 255
70 59 255
70 58 255
70 57 204
70 56 255
70 55 204
70 54 255
70 53 204
70 52 204
70 51 255
70 50 204
70 49 255
70 48 204
46 97 204
70 46 204
70 45 204
46 96 204
70 43 204
46 95 204
70 41 204
70 40 204
70 39 204
70 38 204
70 37 204
70 36 204
70 35 204
70 34 204
70 33 204
46 94 204
70 31 204
70 30 204
46 93 204
38 45 204
70 27 204
70 26 204
70 25 204
70 24 204
70 23 204
70 22 255
70 21 255
70 20 204
46 91 204
98 66 204
46 89 204
38 43 204
69 105 204
69 104 204
69 103 204
69 102 204
69 101 204
46 87 204
98 65 204
38 41 204
69 97 204
46 84 204
69 95 204
69 94 204
38 40 204
69 92 204
69 91 204
69 90 204
46 82 204
69 88 255
69 87 204
69 86 255
69 85 204
69 84 204
69 83 204
69 82 204
69 81 204
69 80 204
38 39 204
69 78 204
46 80 204
69 76 204
38 38 255
69 74 204
69 73 204
38 37 255
69 71 204
69 70 204
69 69 255
69 68 255
69 67 204
69 66 255
69 65 204
69 64 204
69 63 255
69 62 204
69 61 204
69 60 255
69 59 204
69 58 255
69 57 255
69 56 204
69 55 255
69 54 204
69 53 255
69 52 255
69 51 255
69 50 255
69 49 255
69 48 204
69 47 204
69 46 204
38 36 204
69 44 204
98 64 204
69 42 204
98 63 204
69 40 204
69 39 204
69 38 255
69 37 204
69 36 255
69 35 204
69 34 204
46 74 204
69 32 204
69 31 255
69 30 204
69 29 204
69 28 204
69 27 204
69 26 204
69 25 204
69 24 255
69 23 255
69 22 204
69 21 255
69 20 255
31 63 204
32 72 204
32 71 204
46 72 204
46 71 204
68 105 204
68 104 204
68 103 204
68 102 204
46 70 255
46 69 204
46 68 204
68 98 204
46 67 204
68 96 204
46 66 204
68 94 204
46 65 204
68 92 204
68 91 204
46 64 204
68 89 204
68 88 204
68 87 204
68 86 204
68 85 204
68 84 204
68 83 204
46 63 204
68 81 204
46 62 204
68 79 204
68 78 204
68 77 204
68 76 204
46 61 204
46 60 204
31 62 204
68 72 204
31 61 204
68 70 204
68 69 204
68 68 204
68 67 255
68 66 204
68 65 255
68 64 204
68 63 204
68 62 255
68 61 255
68 60 255
68 59 255
68 58 255
68 57 255
68 56 255
68 55 255
68 54 255
68 53 255
68 52 255
68 51 204
68 50 255
68 49 204
68 48 204
31 60 204
68 46 204
31 59 204
68 44 204
68 43 204
68 42 204
68 41 204
68 40 204
68 39 204
68 38 204
68 37 204
68 36 204
68 35 255
68 34 204
68 33 204
68 32 204
68 31 204
68 30 204
68 29 204
68 28 204
68 27 204
68 26 204
68 25 204
68 24 204
68 23 204
68 22 204
68 21 204
68 20 255
68 19 204
32 70 204
98 62 204
98 61 204
67 105 204
67 104 204
67 103 204
67 102 204
67 101 204
67 100 204
67 99 204
67 98 204
37 90 204
98 60 204
67 95 204
67 94 204
37 88 204
98 59 204
67 91 204
67 90 204
67 89 204
67 88 204
67 87 204
67 86 255
67 85 204
67 84 204
67 83 204
67 82 204
67 81 204
67 80 204
67 79 204
67 78 204
67 77 204
67 76 204
67 75 204
67 74 204
67 73 204
46 49 204
67 71 204
37 86 204
67 69 204
67 68 204
67 67 204
67 66 255
67 65 204
67 64 255
67 63 204
67 62 255
67 61 204
67 60 255
67 59 204
67 58 255
67 57 204
67 56 255
67 55 255
67 54 204
67 53 255
67 52 255
67 51 255
67 50 255
67 49 204
46 47 204
67 47 204
37 85 204
46 45 204
67 44 204
67 43 204
67 42 204
67 41 204
67 40 204
67 39 204
67 38 204
67 37 255
67 36 204
67 35 204
67 34 255
67 33 204
67 32 204
67 31 204
67 30 204
67 29 204
67 28 204
67 27 204
67 26 204
67 25 204
67 24 204
67 23 204
67 22 204
67 21 255
67 20 255
67 19 204
32 69 204
32 68 204
66 107 204
98 58 204
98 57 204
46 42 204
66 103 204
66 102 204
66 101 255
66 100 204
66 99 204
66 98 204
66 97 204
66 96 204
66 95 204
66 94 204
66 93 204
66 92 204
66 91 204
66 90 204
66 89 204
66 88 204
66 87 204
66 86 204
66 85 204
66 84 204
66 83 204
66 82 204
66 81 204
66 80 204
66 79 204
66 78 204
66 77 204
66 76 204
66 75 204
66 74 204
46 41 204
66 72 204
46 40 204
66 70 204
66 69 204
66 68 255
66 67 204
66 66 204
66 65 204
66 64 204
66 63 204
66 62 255
66 61 204
66 60 255
66 59 255
66 58 255
66 57 255
66 56 255
66 55 255
66 54 255
66 53 204
66 52 255
66 51 255
66 50 204
46 39 204
66 48 204
46 38 204
66 46 204
66 45 204
66 44 255
66 43 204
66 42 204
66 41 204
66 40 204
66 39 204
66 38 204
66 37 204
66 36 255
66 35 255
66 34 204
66 33 204
66 32 204
66 31 204
66 30 204
66 29 204
66 28 204
66 27 204
66 26 204
66 25 204
66 24 255
66 23 204
66 22 204
66 21 255
66 20 204
66 19 204
32 67 204
32 66 204
65 107 204
46 37 204
98 56 255
65 104 204
65 103 204
65 102 204
65 101 204
65 100 204
65 99 204
65 98 204
65 97 204
65 96 204
65 95 255
65 94 204
65 93 204
65 92 204
65 91 204
65 90 255
65 89 255
65 88 204
65 87 204
65 86 204
65 85 204
65 84 255
65 83 204
65 82 255
65 81 204
65 80 255
65 79 204
65 78 255
65 77 204
65 76 255
65 75 204
65 74 204
46 35 204
96 49 255
65 71 204
46 33 204
65 69 204
65 68 255
65 67 255
65 66 204
65 65 204
65 64 204
65 63 204
65 62 204
65 61 204
65 60 204
65 59 255
65 58 204
65 57 255
65 56 204
65 55 255
65 54 255
65 53 255
65 52 255
65 51 204
65 50 204
65 49 204
46 32 204
65 47 204
46 31 204
65 45 204
65 44 255
65 43 255
65 42 255
65 41 204
65 40 204
65 39 204
65 38 255
65 37 204
65 36 204
65 35 255
65 34 255
65 33 255
65 32 255
65 31 204
65 30 255
65 29 255
65 28 204
65 27 255
65 26 255
65 25 204
65 24 255
65 23 204
65 22 255
65 21 255
65 20 204
65 19 204
46 30 204
46 29 204
64 107 204
46 28 204
46 27 204
64 104 204
64 103 204
64 102 204
64 101 204
64 100 204
64 99 204
64 98 204
64 97 204
64 96 204
64 95 204
64 94 204
64 93 204
64 92 204
64 91 204
64 90 204
64 89 204
64 88 255
64 87 255
64 86 204
64 85 255
46 26 204
64 83 255
64 82 204
64 81 255
64 80 204
64 79 255
64 78 204
64 77 255
64 76 204
64 75 255
64 74 204
64 73 204
64 72 204
46 25 255
64 70 204
64 69 204
64 68 204
64 67 255
64 66 255
64 65 255
64 64 255
64 63 204
64 62 204
64 61 204
37 80 204
64 59 204
64 58 204
64 57 204
64 56 255
64 55 204
64 54 255
64 53 204
64 52 204
64 51 204
64 50 204
46 23 204
64 48 204
37 79 204
64 46 204
64 45 255
64 44 204
64 43 255
64 42 204
64 41 255
64 40 255
64 39 255
64 38 255
64 37 204
64 36 255
64 35 204
64 34 204
64 33 255
64 32 204
64 31 255
64 30 204
64 29 204
64 28 255
64 27 204
64 26 204
64 25 255
64 24 255
64 23 255
64 22 204
64 21 255
64 20 204
64 19 204
32 64 204
37 78 204
31 80 204
31 79 204
63 105 204
45 100 204
63 103 204
45 99 204
63 101 204
63 100 204
63 99 204
96 48 255
45 97 204
63 96 204
63 95 204
63 94 204
63 93 204
63 92 204
63 91 204
63 90 204
63 89 204
63 88 204
63 87 204
63 86 204
63 85 204
63 84 204
63 83 204
63 82 204
63 81 204
45 96 204
63 79 204
63 78 255
63 77 255
63 76 255
63 75 204
63 74 204
45 95 204
37 76 204
37 75 204
96 47 204
63 69 204
63 68 255
63 67 255
63 66 204
63 65 255
63 64 204
63 63 204
37 73 204
63 61 204
63 60 204
63 59 204
63 58 255
63 57 204
63 56 255
63 55 255
63 54 255
63 53 255
63 52 255
63 51 204
63 50 204
63 49 204
37 72 204
37 71 204
37 70 204
63 45 204
63 44 255
63 43 204
63 42 255
63 41 204
63 40 204
63 39 204
63 38 204
63 37 204
63 36 204
63 35 204
63 34 204
63 33 204
63 32 204
63 31 204
63 30 204
63 29 204
63 28 204
63 27 204
63 26 204
63 25 204
63 24 204
63 23 204
63 22 204
63 21 204
63 20 255
63 19 204
37 69 204
96 46 204
96 45 204
37 66 204
96 44 204
62 104 204
37 64 204
62 102 204
62 101 204
62 100 204
62 99 204
62 98 204
62 97 204
62 96 204
62 95 204
62 94 204
95 68 204
62 92 204
62 91 204
62 90 204
62 89 204
62 88 204
62 87 204
62 86 204
62 85 204
62 84 204
62 83 204
62 82 204
62 81 204
62 80 204
62 79 204
62 78 204
62 77 204
62 76 204
62 75 204
62 74 204
37 62 204
62 72 204
62 71 204
62 70 204
62 69 204
62 68 255
62 67 204
62 66 204
62 65 204
62 64 204
62 63 204
62 62 204
62 61 255
62 60 255
62 59 204
62 58 255
62 57 255
62 56 255
62 55 255
62 54 204
62 53 255
62 52 255
62 51 255
62 50 204
62 49 204
62 48 204
62 47 204
62 46 204
34 43 204
62 44 204
62 43 204
62 42 204
62 41 204
62 40 204
62 39 255
62 38 204
62 37 204
62 36 204
62 35 204
62 34 204
62 33 204
62 32 255
62 31 204
62 30 204
62 29 204
62 28 204
62 27 204
62 26 204
62 25 204
62 24 204
62 23 204
62 22 255
62 21 204
62 20 255
62 19 204
45 78 204
37 60 204
45 76 204
34 42 204
61 105 204
63 80 255
45 73 204
45 72 204
61 101 204
37 57 204
61 99 204
45 70 204
45 69 204
61 96 204
45 68 204
45 67 204
61 93 204
61 92 204
61 91 204
61 90 204
61 89 204
61 88 204
61 87 204
61 86 204
61 85 204
61 84 204
61 83 204
61 82 204
61 81 204
61 80 204
61 79 204
61 78 204
61 77 204
61 76 204
61 75 204
45 66 204
61 73 204
45 65 204
45 64 204
61 70 204
61 69 204
61 68 204
61 67 204
61 66 204
61 65 204
61 64 204
61 63 255
61 62 255
61 61 255
61 60 204
61 59 255
61 58 204
61 57 255
61 56 204
61 55 255
61 54 255
61 53 255
61 52 204
61 51 255
61 50 255
61 49 204
61 48 204
45 63 204
45 62 204
61 45 204
61 44 204
61 43 204
61 42 204
61 41 204
61 40 204
61 39 204
61 38 204
61 37 204
61 36 204
61 35 204
61 34 204
61 33 255
61 32 204
61 31 204
61 30 204
61 29 204
61 28 204
61 27 204
61 26 204
61 25 204
61 24 204
61 23 204
61 22 204
61 21 204
61 20 204
61 19 255
45 61 204
45 60 204
45 59 204
60 106 204
60 105 204
45 58 204
60 103 204
60 102 204
37 56 204
45 56 204
60 99 204
45 55 204
60 97 204
60 96 204
60 95 204
37 55 204
60 93 204
45 53 204
37 54 204
60 90 204
60 89 204
60 88 204
60 87 204
60 86 204
60 85 204
45 51 204
60 83 204
60 82 204
60 81 204
60 80 204
60 79 204
60 78 204
60 77 204
60 76 204
37 53 204
60 74 204
45 49 204
60 72 204
37 52 204
45 47 204
60 69 204
60 68 204
60 67 204
60 66 255
60 65 204
60 64 255
60 63 204
60 62 204
60 61 204
60 60 204
60 59 255
60 58 204
60 57 255
60 56 255
60 55 255
60 54 255
60 53 255
60 52 255
60 51 255
60 50 255
60 49 204
60 48 204
60 47 204
60 46 204
33 81 204
60 44 204
37 50 204
45 44 204
37 49 204
60 40 204
37 48 204
60 38 204
60 37 204
60 36 204
60 35 255
60 34 204
60 33 204
60 32 204
60 31 204
60 30 204
45 41 204
45 40 204
45 39 204
60 26 204
60 25 204
45 38 204
60 23 204
60 22 204
60 21 204
60 20 255
60 19 204
32 59 204
45 37 204
32 57 204
37 47 204
59 105 204
59 104 204
37 46 204
37 45 204
59 101 204
45 33 204
45 32 204
45 31 204
45 30 204
45 29 204
45 28 204
45 27 204
59 93 204
45 26 255
59 91 204
59 90 204
59 89 204
59 88 204
59 87 204
59 86 204
59 85 204
59 84 204
37 44 204
33 80 204
37 42 204
59 80 204
59 79 204
31 78 204
59 77 204
59 76 204
95 66 204
37 40 204
44 98 204
44 97 204
59 71 204
59 70 204
59 69 204
59 68 255
59 67 255
59 66 204
59 65 204
59 64 204
59 63 204
59 62 204
59 61 204
59 60 255
59 59 204
59 58 255
59 57 255
59 56 255
59 55 255
59 54 204
59 53 255
59 52 204
59 51 255
59 50 255
59 49 255
59 48 255
59 47 204
44 96 204
59 45 204
44 95 204
59 43 204
59 42 204
59 41 204
37 39 204
59 39 204
44 93 204
59 37 204
59 36 204
59 35 204
59 34 255
59 33 204
59 32 204
59 31 204
37 38 204
59 29 204
59 28 204
59 27 204
44 91 204
59 25 204
59 24 204
59 23 204
59 22 204
59 21 255
59 20 255
59 19 204
32 56 204
44 90 204
58 106 204
37 37 204
44 88 204
95 65 204
44 86 204
31 58 204
44 84 204
44 83 204
58 98 204
44 82 204
58 96 204
31 57 204
44 80 204
97 79 204
97 78 204
58 91 204
58 90 204
58 89 204
97 77 204
58 87 204
58 86 204
58 85 204
58 84 204
58 83 204
58 82 204
58 81 204
97 76 204
58 79 204
36 89 204
58 77 204
44 74 204
58 75 204
44 73 204
58 73 204
58 72 204
58 71 204
58 70 255
58 69 255
58 68 204
58 67 204
58 66 204
58 65 204
58 64 204
58 63 204
58 62 204
58 61 204
58 60 204
58 59 255
58 58 204
58 57 255
58 56 204
58 55 204
58 54 204
58 53 255
58 52 204
58 51 255
58 50 204
58 49 255
58 48 255
58 47 204
58 46 204
97 75 204
58 44 204
44 71 204
44 70 204
44 69 204
58 40 204
44 68 204
58 38 204
58 37 204
58 36 204
58 35 204
58 34 204
58 33 204
44 67 204
58 31 204
58 30 204
44 66 204
44 65 204
44 64 204
44 63 204
58 25 204
58 24 204
58 23 255
58 22 255
58 21 204
58 20 255
44 62 204
44 61 204
32 55 204
32 54 204
44 60 204
57 105 204
57 104 204
57 103 204
57 102 204
36 87 204
57 100 204
36 86 204
44 57 204
36 85 204
36 84 204
95 84 204
57 94 204
44 53 204
57 92 204
36 82 204
36 81 204
57 89 204
44 50 204
57 87 204
57 86 204
57 85 204
57 84 204
57 83 204
97 73 204
44 48 204
36 79 204
95 83 204
44 45 204
36 77 204
57 76 204
97 71 204
57 74 204
44 42 204
57 72 204
57 71 204
57 70 255
57 69 255
57 68 204
57 67 255
57 66 204
57 65 204
57 64 204
44 41 204
57 62 204
57 61 204
57 60 204
57 59 204
57 58 204
57 57 204
57 56 204
57 55 204
57 54 204
57 53 204
57 52 204
57 51 204
57 50 255
57 49 204
57 48 255
57 47 255
57 46 255
57 45 204
44 40 204
57 43 204
57 42 204
57 41 204
44 39 204
57 39 204
44 38 204
44 37 204
57 36 204
57 35 204
36 75 204
57 33 204
57 32 204
44 35 204
44 34 204
57 29 204
57 28 204
36 74 204
57 26 204
57 25 204
57 24 255
57 23 204
57 22 255
57 21 255
57 20 204
44 32 204
44 31 204
44 30 204
44 29 204
56 105 204
44 28 204
56 103 204
44 27 204
36 73 204
44 25 204
44 24 204
56 98 204
31 77 204
56 96 204
31 76 204
36 72 204
43 98 204
36 71 204
56 91 204
36 70 204
97 70 204
43 94 204
36 68 204
43 92 204
56 85 204
56 84 204
56 83 204
56 82 204
56 81 204
43 91 204
56 79 204
56 78 204
56 77 204
43 90 204
43 89 204
56 74 204
56 73 204
56 72 255
56 71 204
56 70 255
56 69 204
56 68 255
56 67 204
56 66 204
56 65 204
56 64 204
56 63 204
56 62 204
56 61 204
56 60 204
56 59 204
56 58 204
56 57 204
56 56 204
56 55 204
56 54 204
56 53 204
56 52 204
56 51 204
56 50 204
56 49 204
56 48 204
56 47 204
56 46 204
56 45 204
56 44 204
43 88 204
97 69 204
36 66 204
56 40 204
36 65 204
56 38 204
56 37 204
36 64 204
43 83 204
56 34 204
43 82 204
97 68 204
56 31 204
97 67 204
36 61 204
43 78 204
56 27 204
95 82 204
56 25 204
56 24 204
56 23 255
56 22 255
56 21 204
56 20 204
97 65 204
32 53 204
36 58 204
43 74 204
55 105 204
55 104 204
43 73 204
55 102 204
55 101 204
55 100 204
55 99 204
55 98 204
43 72 204
36 57 204
36 56 204
55 94 204
36 55 204
43 68 204
43 67 204
36 54 204
55 89 204
43 65 204
55 87 204
36 53 204
55 85 204
55 84 204
55 83 204
43 63 204
43 62 204
55 80 204
43 61 204
36 52 204
36 51 204
43 58 204
55 75 204
55 74 204
55 73 255
55 72 255
55 71 255
55 70 255
55 69 255
55 68 204
55 67 204
55 66 204
55 65 204
36 50 204
55 63 204
43 56 204
55 61 204
97 64 204
55 59 204
55 58 204
55 57 204
55 56 204
55 55 204
55 54 204
55 53 204
55 52 204
55 51 204
55 50 204
55 49 204
55 48 204
55 47 204
95 55 204
95 54 204
95 53 204
95 52 204
95 51 204
95 50 204
95 49 204
95 48 204
95 47 204
95 46 204
95 45 204
95 44 255
95 43 204
95 42 204
43 54 204
55 45 204
33 77 204
33 76 204
33 75 204
97 63 204
43 52 204
94 86 204
94 85 204
94 84 204
55 42 204
43 51 204
36 47 204
94 80 204
94 79 204
94 78 204
94 77 204
94 76 204
36 46 204
94 74 204
94 73 204
94 72 204
94 71 204
94 70 204
94 69 204
94 68 204
94 67 204
94 66 204
36 45 204
94 64 204
94 63 204
94 62 204
94 61 204
43 47 204
94 59 204
55 36 204
94 57 204
55 35 204
94 55 204
43 46 204
95 81 204
94 52 204
94 51 204
94 50 204
94 49 204
94 48 255
94 47 204
55 32 204
94 45 204
94 44 204
94 43 204
94 42 204
94 41 204
43 44 204
55 30 204
94 38 204
55 29 204
36 43 204
93 89 204
93 88 204
93 87 204
93 86 204
93 85 204
93 84 204
93 83 204
93 82 204
55 27 204
36 42 204
55 25 204
93 78 204
93 77 204
93 76 204
93 75 204
55 24 204
93 73 204
93 72 204
93 71 204
93 70 204
93 69 204
55 23 204
93 67 204
93 66 204
55 22 204
55 21 255
93 63 204
43 41 204
93 61 204
43 40 204
43 39 204
93 58 204
43 38 204
36 41 204
54 104 204
43 36 204
93 53 204
93 52 204
93 51 204
93 50 204
93 49 204
93 48 204
93 47 204
54 102 204
93 45 204
93 44 204
93 43 204
93 42 204
93 41 204
93 40 204
93 39 204
93 38 204
54 101 204
54 100 204
33 74 204
33 73 204
92 90 204
92 89 204
92 88 204
92 87 204
92 86 204
92 85 204
54 99 204
54 98 204
92 82 204
54 97 204
92 80 204
92 79 204
36 40 204
92 77 204
92 76 204
36 39 204
92 74 204
43 33 204
92 72 204
92 71 204
92 70 204
92 69 204
92 68 204
92 67 204
92 66 204
97 61 204
43 31 204
54 91 204
43 30 204
92 61 204
43 29 204
43 28 255
64 84 204
31 75 204
92 56 204
92 55 204
95 64 204
92 53 204
92 52 204
92 51 204
92 50 204
92 49 204
92 48 204
92 47 204
31 74 204
92 45 204
92 44 204
92 43 204
54 83 204
92 41 204
92 40 204
92 39 204
92 38 204
92 37 204
54 82 204
97 59 204
42 97 204
42 96 204
91 91 204
91 90 204
54 78 204
91 88 204
91 87 204
91 86 204
91 85 204
91 84 204
91 83 204
91 82 204
91 81 204
54 77 204
54 76 204
54 75 255
91 77 204
91 76 204
54 74 255
54 73 255
91 73 204
54 72 204
91 71 255
91 70 204
91 69 204
54 71 204
91 67 204
91 66 204
91 65 204
54 70 255
54 69 204
91 62 204
54 68 204
54 67 204
91 59 204
54 66 204
91 57 204
97 58 204
54 64 204
91 54 204
91 53 204
91 52 204
91 51 204
42 94 204
91 49 204
91 48 204
91 47 204
91 46 204
97 57 204
91 44 204
42 92 204
91 42 204
91 41 204
91 40 204
91 39 255
91 38 204
91 37 255
91 36 204
54 60 204
42 91 204
33 71 204
33 70 204
54 58 204
90 92 204
90 91 204
97 56 204
90 89 204
90 88 204
90 87 204
90 86 204
90 85 204
90 84 204
54 56 204
90 82 204
90 81 204
90 80 204
90 79 204
42 89 204
90 77 204
54 54 204
90 75 204
35 87 204
42 87 204
90 72 204
90 71 204
90 70 204
90 69 204
90 68 204
90 67 204
90 66 204
54 51 204
90 64 204
90 63 204
90 62 204
35 86 204
90 60 204
42 85 204
90 58 204
42 84 204
54 47 204
42 83 204
90 54 204
90 53 255
90 52 204
90 51 204
42 82 204
90 49 204
90 48 204
90 47 204
54 44 204
54 43 204
42 81 204
54 41 204
90 42 204
90 41 204
90 40 204
90 39 255
90 38 204
90 37 204
90 36 255
90 35 204
90 34 255
54 40 204
54 39 204
54 38 204
54 37 204
89 94 204
89 93 204
89 92 204
89 91 204
89 90 204
89 89 204
89 88 204
42 80 204
89 86 204
89 85 204
89 84 204
89 83 204
89 82 204
89 81 204
89 80 204
97 55 204
89 78 204
54 34 204
89 76 204
54 33 204
35 84 204
89 73 204
89 72 204
89 71 204
89 70 204
89 69 204
54 31 204
89 67 204
35 83 204
97 54 255
89 64 204
89 63 204
35 81 204
89 61 204
42 74 204
89 59 204
54 26 204
89 57 204
42 73 204
89 55 204
89 54 204
89 53 204
89 52 204
89 51 204
54 24 204
89 49 204
89 48 204
89 47 204
89 46 204
89 45 204
89 44 204
54 23 204
89 42 204
89 41 204
89 40 204
89 39 204
89 38 204
89 37 204
89 36 204
89 35 204
89 34 204
89 33 204
89 32 204
54 22 255
54 21 204
33 66 204
42 72 204
88 95 204
88 94 204
88 93 204
32 52 204
88 91 204
88 90 204
42 71 204
88 88 204
88 87 204
42 70 204
88 85 204
88 84 204
42 69 204
88 82 204
88 81 204
88 80 204
88 79 204
88 78 204
53 104 204
53 103 204
53 102 204
88 74 204
53 101 204
88 72 204
88 71 204
88 70 204
88 69 204
88 68 204
53 100 204
88 66 204
88 65 204
88 64 204
88 63 204
88 62 204
42 68 204
88 60 204
88 59 204
88 58 204
42 67 204
42 66 204
35 80 204
88 54 204
88 53 204
88 52 204
88 51 204
88 50 204
42 64 204
42 63 204
53 93 204
42 62 204
42 61 204
42 60 204
53 89 204
88 42 204
88 41 255
88 40 204
88 39 204
88 38 204
35 79 204
88 36 204
88 35 204
88 34 204
88 33 204
88 32 204
88 31 204
53 87 204
97 53 204
53 85 204
33 65 204
33 64 204
35 77 204
87 96 204
87 95 204
87 94 204
87 93 204
35 76 204
87 91 204
42 55 204
87 89 204
35 75 204
87 87 204
87 86 204
87 85 204
87 84 204
87 83 204
87 82 204
87 81 204
87 80 204
87 79 204
87 78 204
53 80 204
87 76 204
53 79 204
53 78 204
87 73 204
87 72 204
87 71 204
87 70 204
87 69 204
87 68 204
87 67 204
87 66 204
87 65 204
87 64 204
53 77 204
87 62 204
53 76 255
87 60 204
87 59 204
87 58 204
87 57 204
87 56 204
87 55 204
53 75 204
87 53 204
87 52 204
53 74 255
53 73 204
87 49 204
87 48 204
53 72 255
87 46 204
87 45 204
53 71 255
87 43 204
87 42 204
87 41 204
87 40 204
87 39 204
87 38 204
87 37 204
87 36 204
53 70 204
87 34 204
87 33 204
87 32 204
87 31 204
87 30 204
53 69 204
53 68 204
97 52 204
35 73 204
53 65 204
35 72 204
86 97 204
86 96 204
86 95 204
53 63 204
86 93 204
35 71 204
86 91 204
86 90 204
53 61 204
86 88 204
86 87 204
42 49 204
86 85 204
86 84 204
53 59 204
86 82 204
86 81 204
86 80 204
86 79 204
42 48 204
86 77 204
53 57 204
86 75 204
35 70 204
86 73 204
86 72 204
53 55 204
86 70 204
86 69 204
86 68 204
35 69 204
86 66 204
86 65 204
86 64 204
86 63 204
86 62 204
86 61 204
86 60 204
86 59 204
86 58 204
53 53 204
97 51 204
53 51 204
97 50 204
86 53 204
86 52 204
53 49 204
86 50 204
53 48 204
42 43 204
86 47 204
35 66 204
53 45 204
86 44 204
42 41 204
86 42 204
86 41 204
86 40 204
42 40 204
53 42 204
42 39 204
86 36 204
86 35 204
42 38 204
42 37 204
86 32 204
86 31 204
86 30 204
86 29 204
42 36 204
42 35 204
33 60 204
42 34 204
53 35 204
85 98 204
85 97 204
35 65 204
42 32 204
85 94 204
53 32 204
42 31 204
42 30 204
53 29 204
53 28 204
53 27 204
53 26 204
85 86 204
85 85 204
85 84 204
85 83 204
42 29 204
53 24 204
85 80 204
53 23 204
85 78 204
53 22 255
53 21 204
35 64 204
97 49 204
85 73 204
85 72 204
85 71 204
85 70 204
85 69 204
85 68 204
85 67 204
85 66 204
85 65 204
85 64 204
85 63 204
85 62 204
85 61 204
85 60 204
85 59 204
85 58 204
85 57 204
31 73 204
85 55 204
32 51 255
97 48 204
52 103 204
52 102 204
52 101 204
41 96 204
85 48 204
52 99 204
41 95 204
52 97 204
41 94 204
52 95 204
85 42 204
85 41 204
85 40 204
85 39 204
85 38 204
41 93 204
85 36 204
85 35 204
85 34 204
85 33 204
41 92 204
52 92 204
85 30 204
85 29 204
85 28 204
41 91 204
33 58 204
41 90 204
41 89 204
84 99 204
84 98 204
84 97 204
35 61 204
97 47 204
35 59 204
84 93 204
41 85 204
95 79 204
84 90 204
41 83 204
52 82 204
41 82 204
52 80 204
84 85 204
84 84 204
84 83 204
84 82 204
52 79 204
52 78 204
84 79 204
52 77 255
52 76 204
84 76 204
52 75 255
84 74 204
84 73 204
84 72 204
84 71 204
84 70 204
84 69 255
84 68 204
84 67 204
84 66 204
84 65 204
84 64 204
84 63 204
84 62 204
84 61 204
84 60 204
84 59 204
52 74 204
52 73 255
84 56 204
52 72 255
84 54 204
84 53 204
84 52 204
52 71 204
84 50 204
84 49 204
95 78 204
52 69 204
84 46 204
84 45 204
84 44 204
84 43 204
35 56 204
52 67 204
52 66 204
35 55 255
52 64 204
84 37 204
84 36 204
84 35 204
84 34 204
84 33 204
84 32 204
84 31 204
84 30 204
84 29 204
84 28 204
84 27 204
35 54 204
33 55 204
33 54 204
83 100 204
83 99 204
83 98 204
41 77 204
83 96 204
35 53 204
83 94 204
41 75 204
41 74 204
41 73 204
41 72 204
83 89 204
52 56 204
83 87 204
41 71 204
52 54 204
83 84 204
83 83 204
83 82 204
83 81 204
35 52 204
52 52 204
83 78 204
35 51 204
52 50 204
83 75 204
35 50 204
41 67 204
83 72 204
52 47 204
83 70 204
83 69 204
83 68 255
83 67 204
83 66 204
83 65 204
83 64 204
83 63 255
83 62 204
83 61 204
83 60 255
83 59 204
83 58 204
83 57 204
52 46 204
41 66 204
52 44 204
52 43 204
41 65 204
52 41 204
35 49 204
52 39 204
41 63 204
83 47 204
52 37 204
52 36 204
41 62 204
52 34 204
83 42 204
83 41 204
83 40 204
83 39 204
41 61 204
83 37 204
83 36 204
83 35 204
83 34 204
83 33 204
52 32 204
35 48 204
52 30 204
83 29 204
83 28 204
83 27 204
83 26 204
33 53 255
33 52 204
33 51 204
33 50 204
52 29 204
82 100 204
82 99 204
82 98 204
82 97 204
52 28 204
52 27 204
82 94 204
82 93 204
52 26 204
82 91 204
52 25 204
52 24 204
52 23 204
52 22 204
52 21 204
82 85 204
32 50 204
82 83 204
82 82 204
35 47 204
82 80 204
41 58 204
51 103 204
51 102 204
51 101 204
35 46 204
82 74 204
35 45 204
35 44 204
82 71 204
82 70 204
82 69 204
82 68 204
82 67 255
82 66 204
82 65 204
82 64 204
82 63 204
82 62 204
82 61 204
82 60 204
82 59 204
41 54 204
41 53 204
41 52 204
82 55 204
35 43 204
82 53 204
41 50 204
82 51 204
82 50 204
82 49 204
82 48 204
35 42 204
51 91 204
82 45 204
35 41 204
82 43 204
51 89 204
95 63 204
51 87 204
41 46 204
82 38 204
82 37 204
82 36 204
82 35 204
51 85 204
41 45 204
82 32 204
82 31 204
82 30 204
82 29 204
82 28 204
82 27 204
82 26 255
51 83 204
95 76 204
33 48 204
33 47 204
81 101 204
81 100 204
51 81 204
51 80 204
51 79 255
51 78 204
51 77 255
81 94 204
81 93 204
81 92 204
51 76 204
51 75 255
81 89 204
51 74 255
81 87 204
51 73 204
51 72 204
95 62 204
51 70 204
33 83 204
51 68 204
41 41 204
81 79 204
41 40 204
81 77 204
81 76 204
51 65 204
41 39 204
51 63 204
51 62 204
81 71 204
81 70 204
81 69 204
81 68 204
81 67 204
81 66 204
81 65 204
81 64 204
81 63 204
81 62 204
81 61 204
81 60 204
81 59 204
81 58 204
81 57 204
51 61 204
81 55 204
51 60 204
51 59 204
81 52 204
51 58 204
41 38 204
51 56 204
41 37 204
41 36 204
81 46 204
51 53 204
81 44 204
41 35 204
81 42 204
81 41 204
51 51 204
81 39 204
81 38 204
81 37 204
81 36 204
95 61 204
81 34 204
41 33 204
81 32 204
81 31 204
81 30 204
81 29 204
81 28 255
81 27 204
81 26 255
81 25 204
51 48 204
33 46 204
33 45 204
41 32 204
41 31 204
80 101 204
80 100 204
41 30 204
80 98 204
96 82 204
80 96 204
80 95 204
80 94 204
80 93 204
80 92 204
80 91 204
96 81 204
51 42 204
96 80 204
51 40 204
80 86 204
31 72 204
80 84 204
51 38 204
80 82 204
96 79 204
80 80 204
40 95 204
80 78 204
51 35 204
51 34 204
80 75 204
80 74 204
80 73 204
80 72 204
51 33 204
40 94 204
80 69 204
80 68 255
80 67 204
80 66 204
80 65 204
80 64 204
80 63 204
51 31 204
51 30 204
51 29 204
51 28 204
51 27 204
51 26 255
80 56 204
51 25 204
51 24 204
80 53 204
51 23 255
51 22 204
80 50 204
80 49 204
40 93 204
80 47 204
80 46 204
32 49 204
40 92 204
80 43 204
50 102 204
34 85 204
80 40 204
50 100 204
80 38 204
40 90 204
50 98 204
34 84 204
80 34 204
80 33 204
80 32 204
80 31 255
80 30 204
80 29 255
80 28 204
80 27 255
80 26 204
80 25 255
80 24 204
50 96 204
34 83 204
50 94 204
34 82 204
79 102 204
79 101 204
79 100 204
79 99 204
40 86 204
79 97 204
34 81 204
79 95 204
79 94 204
79 93 204
79 92 204
40 84 204
79 90 204
40 83 204
79 88 204
96 78 204
96 77 204
40 80 204
34 78 204
79 83 204
95 60 204
34 76 204
96 75 204
50 81 204
50 80 204
50 79 204
79 76 204
50 78 204
50 77 204
50 76 204
50 75 204
79 71 204
50 74 204
34 74 204
40 74 204
79 67 204
79 66 204
50 71 204
40 73 204
40 72 204
79 62 204
79 61 204
79 60 204
79 59 204
40 71 204
79 57 204
50 67 204
79 55 204
40 70 204
79 53 204
79 52 204
40 69 204
34 73 204
40 67 204
79 48 204
34 72 204
40 65 204
40 64 204
79 44 204
34 71 204
79 42 204
34 70 204
40 61 204
40 60 204
34 69 204
79 37 204
79 36 204
50 54 204
79 34 204
79 33 255
79 32 204
79 31 204
79 30 204
79 29 204
79 28 255
79 27 204
79 26 204
79 25 204
79 24 255
34 68 204
40 57 204
34 67 204
50 50 204
78 103 204
78 102 204
78 101 204
78 100 204
50 49 204
78 98 204
78 97 204
78 96 204
78 95 204
40 55 204
78 93 204
78 92 204
78 91 204
50 47 204
78 89 204
40 54 204
78 87 204
50 45 204
78 85 204
78 84 204
50 44 204
40 53 204
78 81 204
78 80 204
78 79 204
78 78 204
78 77 204
78 76 204
78 75 204
78 74 204
34 66 204
78 72 204
50 41 204
78 70 204
78 69 204
78 68 204
40 51 204
34 65 204
78 65 204
78 64 204
95 72 204
40 48 204
50 36 204
34 63 204
50 34 204
50 33 204
50 32 204
78 56 204
50 31 204
78 54 204
50 30 204
50 29 204
78 51 204
50 28 255
78 49 204
50 27 204
78 47 204
78 46 204
78 45 204
50 26 204
50 25 255
50 24 255
78 41 204
78 40 204
50 23 255
78 38 204
40 46 204
32 48 204
96 73 204
78 34 204
78 33 204
78 32 204
78 31 204
78 30 204
78 29 204
78 28 204
78 27 255
78 26 204
78 25 255
78 24 204
78 23 255
78 22 204
34 61 204
49 102 204
30 61 204
49 101 204
40 43 204
77 103 204
49 99 204
77 101 204
77 100 204
77 99 204
77 98 204
77 97 204
95 71 204
77 95 204
40 41 204
40 40 204
40 39 204
40 38 204
40 37 204
49 92 204
40 36 204
40 35 204
49 89 204
40 34 204
40 33 204
40 32 204
77 82 204
49 85 204
96 71 204
77 79 204
77 78 255
77 77 204
77 76 255
77 75 204
77 74 255
77 73 204
77 72 204
96 70 204
49 82 204
31 71 204
31 70 204
31 69 204
77 66 204
34 57 204
49 77 204
77 63 204
34 56 204
77 61 204
39 93 204
77 59 204
77 58 204
77 57 204
39 92 204
77 55 204
49 73 204
39 91 204
77 52 204
34 55 204
77 50 204
39 89 204
77 48 204
49 69 204
49 68 204
34 54 204
77 44 204
77 43 204
77 42 204
39 87 204
49 65 204
77 39 204
49 64 204
77 37 204
77 36 204
77 35 204
39 86 204
49 62 204
77 32 204
77 31 204
77 30 204
77 29 204
77 28 204
77 27 204
77 26 204
77 25 204
77 24 255
77 23 204
77 22 255
49 61 204
39 85 204
49 59 204
32 82 204
32 81 204
76 104 204
76 103 204
39 84 204
49 57 204
76 100 204
76 99 204
76 98 204
49 56 204
76 96 204
39 83 204
34 53 204
76 93 204
49 53 204
76 91 204
34 52 204
49 51 204
76 88 204
96 69 204
76 86 204
39 79 204
76 84 204
49 48 204
39 78 204
49 46 204
76 80 204
34 51 255
76 78 204
76 77 255
76 76 204
76 75 255
76 74 255
76 73 204
76 72 255
76 71 204
76 70 204
96 68 204
76 68 204
76 67 204
49 43 204
39 75 204
76 64 204
96 67 204
76 62 204
49 40 204
76 60 204
49 39 204
39 73 204
49 37 204
76 56 204
39 72 204
76 54 204
76 53 204
49 35 204
76 51 204
49 34 204
76 49 204
49 33 204
76 47 204
76 46 204
49 32 204
49 31 204
49 30 204
49 29 204
76 41 204
49 28 204
49 27 255
76 38 204
49 26 255
49 25 204
49 24 204
76 34 204
76 33 204
76 32 204
76 31 204
76 30 204
76 29 204
76 28 204
76 27 204
76 26 255
76 25 204
76 24 255
76 23 255
76 22 204
76 21 204
49 23 204
39 71 204
32 79 204
39 70 204
75 104 204
75 103 204
75 102 204
39 69 204
95 70 204
75 99 204
96 65 204
75 97 204
96 64 204
48 99 204
75 94 204
96 63 204
75 92 204
96 62 204
39 63 204
96 61 204
48 94 204
75 87 204
39 61 204
39 60 204
95 69 204
75 83 204
75 82 204
75 81 204
39 58 204
96 59 204
39 56 204
75 77 204
75 76 255
75 75 255
75 74 255
75 73 255
75 72 255
75 71 204
75 70 204
75 69 204
48 87 204
96 58 204
39 54 204
75 65 204
39 53 204
75 63 204
48 83 204
75 61 204
39 52 204
75 59 204
75 58 204
48 81 204
96 57 204
75 55 204
48 79 204
39 50 204
75 52 204
96 56 204
75 50 204
39 48 204
75 48 204
48 75 204
39 47 204
75 45 204
75 44 204
75 43 204
75 42 204
39 46 204
39 45 204
75 39 204
48 71 204
48 70 204
75 36 204
75 35 204
48 69 204
48 68 204
48 67 204
75 31 204
75 30 204
75 29 204
75 28 204
75 27 255
75 26 204
75 25 255
75 24 255
75 23 204
75 22 255
75 21 204
48 66 204
96 55 204
32 78 204
32 77 204
74 105 204
74 104 204
48 64 204
74 102 204
96 54 204
96 53 204
74 99 204
39 41 204
48 60 204
39 40 204
74 95 204
48 58 204
39 39 204
39 38 204
48 55 204
74 90 204
74 89 204
74 88 204
39 37 204
74 86 204
39 36 204
74 84 204
74 83 204
74 82 204
74 81 204
39 35 204
74 79 204
39 34 204
48 50 204
74 76 204
74 75 204
74 74 255
74 73 204
74 72 204
74 71 255
74 70 255
74 69 204
74 68 204
74 67 204
74 66 204
39 33 204
74 64 204
48 48 204
74 62 204
34 50 204
74 60 204
31 68 204
48 45 204
74 57 204
74 56 204
74 55 204
74 54 204
74 53 204
74 52 204
74 51 204
74 50 204
31 67 204
31 66 204
74 47 204
74 46 204
48 42 204
48 41 204
31 65 204
31 64 204
74 41 204
48 38 204
74 39 204
34 49 204
74 37 204
48 36 204
38 92 204
74 34 204
74 33 204
48 34 204
74 31 204
48 33 204
74 29 204
74 28 204
74 27 204
74 26 204
74 25 204
74 24 204
74 23 204
74 22 204
74 21 204
48 32 204
32 76 204
32 75 204
48 31 255
73 105 204
48 30 255
73 103 204
48 29 255
73 101 204
48 28 204
48 27 255
48 26 204
73 97 204
48 25 255
48 24 255
38 91 204
38 90 204
73 92 204
96 52 204
73 90 204
73 89 204
73 88 204
73 87 204
38 88 204
73 85 204
73 84 204
73 83 204
73 82 204
73 81 204
73 80 204
38 87 204
73 78 204
47 101 204
47 100 204
73 75 204
73 74 204
73 73 255
73 72 255
73 71 255
73 70 204
73 69 255
73 68 255
73 67 204
73 66 204
73 65 204
34 47 204
38 85 204
73 62 204
38 84 204
73 60 204
73 59 204
73 58 204
73 57 204
73 56 204
73 55 204
73 54 204
73 53 204
73 52 204
73 51 204
73 50 204
73 49 204
73 48 204
47 96 204
38 83 204
47 94 204
73 44 204
47 93 204
73 42 204
34 46 204
73 40 204
38 81 204
73 38 204
38 80 204
38 79 204
73 35 204
34 45 204
34 44 204
73 32 204
38 76 204
47 85 204
73 29 204
73 28 204
73 27 204
73 26 204
73 25 204
73 24 204
73 23 204
73 22 204
73 21 204
73 20 204
96 51 204
32 73 204
38 74 204
72 105 204
72 104 204
72 103 204
38 73 204
38 72 204
38 71 204
72 99 204
38 70 204
47 78 204
38 69 204
47 76 204
72 94 204
96 50 204
38 67 204
98 76 204
47 72 204
72 89 204
72 88 204
72 87 204
72 86 204
72 85 204
72 84 204
72 83 204
72 82 204
72 81 204
72 80 204
47 71 204
47 70 204
72 77 204
72 76 204
47 69 204
47 68 204
72 73 204
72 72 204
72 71 255
72 70 255
72 69 204
72 68 255
72 67 204
72 66 204
72 65 204
72 64 204
72 63 204
72 62 204
72 61 204
72 60 204
72 59 204
72 58 204
72 57 204
72 56 255
72 55 204
72 54 204
72 53 255
72 52 204
72 51 204
72 50 204
72 49 204
72 48 204
72 47 204
72 46 204
72 45 204
47 67 204
72 43 204
72 42 204
47 66 204
72 40 204
72 39 204
47 65 204
72 37 204
72 36 204
72 35 204
47 64 204
72 33 204
47 63 204
72 31 204
72 30 204
47 62 204
47 61 204
38 65 204
47 59 204
72 25 204
98 75 204
72 23 204
